0 152
1 11
2 12
3 12
4 11
5 11
6 14
7 11
8 11
9 11
10 11
11 11
12 12
13 11
14 12
15 12
16 13
17 12
18 12
19 175
20 11
21 11
22 12
23 11
24 11
25 13
26 14
27 14
28 13
29 14
30 190
31 48
32 13
33 13
34 15
35 13
36 14
37 11
38 11
39 11
40 12
41 11
42 12
43 11
44 14
45 13
46 13
47 12
48 11
49 11
50 13
51 13
52 13
53 12
54 14
55 11
56 12
57 11
58 12
59 195
60 21
61 14
62 14
63 13
64 12
65 13
66 13
67 13
68 11
69 13
70 13
71 11
72 12
73 12
74 12
75 132
76 12
77 11
78 12
79 11
80 11
81 168
82 12
83 14
84 13
85 13
86 12
87 11
88 16
89 11
90 12
91 11
92 12
93 202
94 29
95 13
96 11
97 11
98 11
99 11
100 11
101 34
102 12
103 12
104 11
105 11
106 11
107 12
108 13
109 11
110 12
111 13
112 13
113 11
114 11
115 16
116 13
117 11
118 11
119 11
120 11
121 13
122 13
123 20
124 11
125 13
126 12
127 11
128 11
129 16
130 12
131 14
132 12
133 12
134 11
135 12
136 13
137 11
138 12
139 12
140 11
141 11
142 12
143 15
144 11
145 12
146 12
147 12
148 11
149 13
150 11
151 11
152 12
153 11
154 13
155 12
156 11
157 11
158 13
159 12
160 11
161 13
162 12
163 12
164 11
165 11
166 12
167 12
168 11
169 11
170 12
171 11
172 11
173 12
174 14
175 11
176 11
177 12
178 11
179 13
180 12
181 11
182 140
183 14
184 11
185 11
186 11
187 12
188 11
189 12
190 11
191 11
192 11
193 11
194 12
195 13
196 11
197 11
198 11
199 11
200 11
201 28
202 11
203 13
204 11
205 12
206 11
207 12
208 12
209 15
210 12
211 11
212 11
213 13
214 12
215 14
216 14
217 12
218 12
219 11
220 11
221 14
222 12
223 12
224 11
225 13
226 26
227 11
228 11
229 13
230 13
231 11
232 12
233 133
234 11
235 11
236 203
237 32
238 13
239 13
240 13
241 11
242 20
243 12
244 11
245 12
246 11
247 12
248 11
249 199
250 36
251 11
252 11
253 12
254 12
255 13
256 16
257 11
258 12
259 12
260 11
261 11
262 13
263 13
264 16
265 12
266 14
267 12
268 12
269 11
270 12
271 13
272 14
273 13
274 13
275 11
276 13
277 14
278 14
279 12
280 16
281 13
282 14
283 13
284 13
285 13
286 16
287 13
288 13
289 145
290 14
291 11
292 12
293 22
294 12
295 12
296 12
297 13
298 12
299 11
300 13
301 12
302 12
303 16
304 15
305 16
306 11
307 12
308 16
309 12
310 12
311 120
312 12
313 12
314 11
315 12
316 11
317 13
318 12
319 12
320 11
321 12
322 13
323 12
324 12
325 12
326 14
327 13
328 13
329 12
330 12
331 11
332 12
333 12
334 11
335 12
336 12
337 11
338 12
339 12
340 12
341 13
342 11
343 11
344 13
345 11
346 11
347 12
348 11
349 11
350 11
351 13
352 13
353 11
354 12
355 11
356 12
357 11
358 12
359 11
360 11
361 12
362 13
363 12
364 13
365 12
366 12
367 12
368 12
369 12
370 11
371 11
372 12
373 13
374 15
375 13
376 11
377 12
378 12
379 11
380 12
381 11
382 14
383 12
384 13
385 11
386 11
387 11
388 12
389 11
390 12
391 11
392 14
393 13
394 11
395 11
396 13
397 12
398 13
399 14
400 13
401 12
402 11
403 12
404 12
405 12
406 13
407 12
408 11
409 12
410 13
411 13
412 11
413 13
414 13
415 11
416 11
417 11
418 11
419 11
420 12
421 12
422 12
423 14
424 11
425 11
426 12
427 13
428 12
429 11
430 14
431 12
432 11
433 13
434 15
435 14
436 14
437 12
438 12
439 11
440 11
441 11
442 11
443 12
444 12
445 13
446 12
447 12
448 12
449 13
450 12
451 11
452 12
453 12
454 11
455 141
456 11
457 14
458 11
459 13
460 12
461 15
462 12
463 13
464 154
465 12
466 14
467 13
468 11
469 203
470 32
471 13
472 12
473 12
474 11
475 11
476 13
477 13
478 12
479 11
480 12
481 12
482 13
483 11
484 15
485 12
486 11
487 11
488 13
489 13
490 11
491 11
492 196
493 14
494 12
495 11
496 12
497 15
498 14
499 12
500 12
501 12
502 14
503 13
504 11
505 14
506 11
507 15
508 12
509 12
510 11
511 13
512 12
513 11
514 13
515 13
516 12
517 13
518 12
519 13
520 13
521 12
522 12
523 14
524 14
525 14
526 11
527 12
528 15
529 11
530 12
531 203
532 24
533 12
534 13
535 14
536 11
537 11
538 14
539 12
540 12
541 12
542 13
543 13
544 13
545 13
546 12
547 12
548 12
549 14
550 13
551 12
552 12
553 14
554 167
555 11
556 12
557 14
558 13
559 11
560 13
561 14
562 14
563 12
564 12
565 12
566 14
567 13
568 13
569 13
570 13
571 11
572 15
573 12
574 11
575 11
576 20
577 11
578 13
579 14
580 13
581 12
582 12
583 13
584 13
585 12
586 14
587 11
588 12
589 12
590 12
591 12
592 12
593 13
594 12
595 11
596 11
597 15
598 15
599 13
600 13
601 13
602 15
603 14
604 11
605 53
606 13
607 11
608 11
609 12
610 13
611 13
612 11
613 11
614 12
615 13
616 12
617 11
618 13
619 12
620 11
621 11
622 13
623 143
624 11
625 11
626 11
627 135
628 12
629 12
630 12
631 12
632 13
633 12
634 11
635 11
636 14
637 12
638 11
639 12
640 11
641 12
642 12
643 12
644 11
645 13
646 12
647 16
648 11
649 13
650 11
651 13
652 11
653 12
654 14
655 14
656 11
657 13
658 12
659 12
660 12
661 11
662 11
663 11
664 13
665 12
666 12
667 13
668 13
669 12
670 11
671 11
672 11
673 11
674 12
675 11
676 14
677 11
678 12
679 11
680 14
681 165
682 12
683 12
684 11
685 204
686 18
687 12
688 13
689 11
690 12
691 12
692 11
693 12
694 11
695 11
696 12
697 11
698 11
699 11
700 12
701 13
702 13
703 12
704 12
705 163
706 12
707 14
708 11
709 12
710 11
711 12
712 15
713 11
714 13
715 13
716 13
717 11
718 12
719 11
720 13
721 14
722 11
723 11
724 15
725 11
726 14
727 12
728 12
729 12
730 13
731 12
732 12
733 12
734 13
735 11
736 15
737 13
738 11
739 13
740 12
741 14
742 13
743 13
744 11
745 12
746 11
747 13
748 11
749 13
750 13
751 13
752 12
753 12
754 13
755 12
756 13
757 13
758 12
759 11
760 11
761 12
762 13
763 13
764 12
765 13
766 11
767 12
768 12
769 12
770 12
771 14
772 14
773 13
774 14
775 14
776 11
777 11
778 11
779 11
780 207
781 13
782 12
783 11
784 11
785 11
786 173
787 14
788 13
789 14
790 12
791 14
792 11
793 13
794 12
795 16
796 13
797 17
798 11
799 12
800 17
801 13
802 11
803 12
804 13
805 13
806 14
807 11
808 12
809 11
810 14
811 11
812 154
813 11
814 11
815 11
816 12
817 11
818 12
819 11
820 12
821 13
822 12
823 11
824 14
825 12
826 12
827 12
828 12
829 11
830 13
831 200
832 22
833 11
834 13
835 12
836 12
837 11
838 11
839 12
840 11
841 11
842 13
843 12
844 11
845 11
846 11
847 13
848 12
849 16
850 14
851 13
852 11
853 20
854 12
855 22
856 14
857 12
858 11
859 12
860 15
861 13
862 13
863 13
864 11
865 11
866 15
867 13
868 11
869 16
870 12
871 12
872 169
873 11
874 11
875 11
876 12
877 11
878 11
879 34
880 12
881 12
882 12
883 13
884 12
885 11
886 12
887 13
888 12
889 11
890 11
891 12
892 11
893 11
894 12
895 11
896 13
897 11
898 12
899 12
900 12
901 11
902 11
903 11
904 13
905 13
906 12
907 13
908 13
909 11
910 12
911 11
912 12
913 11
914 11
915 12
916 12
917 13
918 12
919 14
920 13
921 11
922 11
923 14
924 11
925 12
926 11
927 11
928 13
929 12
930 11
931 13
932 11
933 12
934 12
935 14
936 11
937 12
938 15
939 13
940 11
941 12
942 12
943 11
944 12
945 11
946 11
947 12
948 11
949 11
950 13
951 11
952 13
953 11
954 12
955 11
956 11
957 14
958 11
959 11
960 13
961 12
962 11
963 12
964 14
965 12
966 13
967 13
968 12
969 14
970 11
971 12
972 11
973 11
974 12
975 13
976 12
977 13
978 11
979 13
980 11
981 11
982 13
983 12
984 12
985 13
986 14
987 12
988 12
989 12
990 11
991 12
992 14
993 13
994 11
995 14
996 11
997 12
998 12
999 11
1000 13
1001 14
1002 14
1003 12
1004 13
1005 12
1006 12
1007 12
1008 12
1009 12
1010 11
1011 14
1012 12
1013 12
1014 11
1015 11
1016 11
1017 24
1018 13
1019 14
1020 11
1021 12
1022 12
1023 11
1024 11
1025 11
1026 12
1027 12
1028 11
1029 11
1030 11
1031 11
1032 12
1033 11
1034 14
1035 13
1036 11
1037 12
1038 12
1039 11
1040 11
1041 11
1042 12
1043 11
1044 11
1045 13
1046 11
1047 11
1048 12
1049 11
1050 13
1051 12
1052 11
1053 11
1054 11
1055 11
1056 11
1057 12
1058 11
1059 12
1060 11
1061 14
1062 13
1063 13
1064 12
1065 11
1066 11
1067 11
1068 11
1069 11
1070 12
1071 11
1072 12
1073 12
1074 11
1075 11
1076 11
1077 13
1078 11
1079 13
1080 12
1081 13
1082 12
1083 11
1084 12
1085 12
1086 12
1087 14
1088 11
1089 13
1090 11
1091 11
1092 13
1093 12
1094 11
1095 12
1096 15
1097 12
1098 13
1099 11
1100 12
1101 13
1102 12
1103 11
1104 12
1105 11
1106 11
1107 12
1108 13
1109 12
1110 15
1111 11
1112 13
1113 13
1114 11
1115 11
1116 13
1117 11
1118 12
1119 13
1120 13
1121 13
1122 12
1123 11
1124 12
1125 14
1126 12
1127 12
1128 11
1129 13
1130 11
1131 16
1132 12
1133 12
1134 14
1135 13
1136 12
1137 11
1138 12
1139 11
1140 12
1141 11
1142 204
1143 18
1144 12
1145 12
1146 11
1147 12
1148 11
1149 13
1150 11
1151 11
1152 11
1153 11
1154 12
1155 191
1156 13
1157 12
1158 13
1159 12
1160 11
1161 12
1162 11
1163 11
1164 11
1165 12
1166 11
1167 12
1168 12
1169 13
1170 12
1171 11
1172 12
1173 14
1174 16
1175 11
1176 22
1177 11
1178 13
1179 11
1180 12
1181 13
1182 14
1183 14
1184 12
1185 159
1186 12
1187 13
1188 11
1189 12
1190 13
1191 11
1192 11
1193 13
1194 11
1195 12
1196 11
1197 11
1198 11
1199 11
1200 120
1201 13
1202 11
1203 12
1204 14
1205 132
1206 13
1207 12
1208 20
1209 13
1210 12
1211 12
1212 12
1213 11
1214 12
1215 11
1216 11
1217 12
1218 11
1219 13
1220 20
1221 17
1222 12
1223 148
1224 13
1225 11
1226 11
1227 14
1228 11
1229 20
1230 12
1231 11
1232 11
1233 11
1234 11
1235 11
1236 11
1237 11
1238 12
1239 131
1240 13
1241 13
1242 11
1243 13
1244 12
1245 13
1246 12
1247 12
1248 11
1249 197
1250 12
1251 11
1252 12
1253 12
1254 13
1255 14
1256 12
1257 13
1258 13
1259 11
1260 182
1261 16
1262 11
1263 11
1264 12
1265 11
1266 15
1267 13
1268 13
1269 12
1270 13
1271 11
1272 12
1273 11
1274 15
1275 12
1276 11
1277 13
1278 11
1279 11
1280 13
1281 13
1282 13
1283 12
1284 13
1285 20
1286 13
1287 11
1288 14
1289 13
1290 11
1291 12
1292 12
1293 11
1294 11
1295 12
1296 12
1297 11
1298 11
1299 12
1300 11
1301 11
1302 13
1303 11
1304 11
1305 13
1306 11
1307 12
1308 13
1309 11
1310 15
1311 11
1312 11
1313 11
1314 12
1315 11
1316 13
1317 14
1318 12
1319 11
1320 11
1321 12
1322 12
1323 12
1324 11
1325 11
1326 11
1327 15
1328 13
1329 13
1330 14
1331 15
1332 12
1333 12
1334 12
1335 13
1336 15
1337 11
1338 14
1339 12
1340 11
1341 13
1342 13
1343 12
1344 12
1345 14
1346 12
1347 13
1348 12
1349 12
1350 14
1351 12
1352 12
1353 12
1354 11
1355 11
1356 12
1357 138
1358 12
1359 11
1360 12
1361 11
1362 12
1363 12
1364 11
1365 11
1366 11
1367 11
1368 14
1369 12
1370 11
1371 11
1372 11
1373 12
1374 11
1375 11
1376 11
1377 11
1378 12
1379 12
1380 12
1381 13
1382 13
1383 13
1384 11
1385 14
1386 11
1387 20
1388 11
1389 11
1390 13
1391 13
1392 12
1393 75
1394 12
1395 12
1396 11
1397 11
1398 11
1399 11
1400 11
1401 12
1402 13
1403 12
1404 12
1405 12
1406 11
1407 11
1408 13
1409 11
1410 11
1411 12
1412 11
1413 11
1414 14
1415 16
1416 12
1417 13
1418 15
1419 12
1420 12
1421 12
1422 13
1423 12
1424 12
1425 12
1426 11
1427 11
1428 12
1429 12
1430 12
1431 12
1432 12
1433 14
1434 13
1435 12
1436 12
1437 13
1438 165
1439 11
1440 12
1441 13
1442 13
1443 15
1444 11
1445 12
1446 20
1447 11
1448 12
1449 11
1450 12
1451 11
1452 13
1453 12
1454 13
1455 11
1456 11
1457 11
1458 12
1459 12
1460 12
1461 12
1462 12
1463 11
1464 11
1465 12
1466 11
1467 16
1468 14
1469 12
1470 14
1471 11
1472 11
1473 12
1474 11
1475 11
1476 11
1477 12
1478 11
1479 12
1480 12
1481 11
1482 14
1483 14
1484 11
1485 73
1486 14
1487 12
1488 11
1489 15
1490 12
1491 20
1492 11
1493 11
1494 11
1495 49
1496 11
1497 11
1498 13
1499 12
1500 11
1501 11
1502 12
1503 11
1504 14
1505 11
1506 14
1507 13
1508 13
1509 14
1510 11
1511 11
1512 11
1513 13
1514 11
1515 11
1516 14
1517 15
1518 12
1519 12
1520 12
1521 11
1522 12
1523 13
1524 14
1525 11
1526 12
1527 12
1528 14
1529 13
1530 11
1531 11
1532 13
1533 11
1534 12
1535 12
1536 12
1537 13
1538 18
1539 11
1540 13
1541 13
1542 12
1543 12
1544 15
1545 12
1546 14
1547 14
1548 14
1549 14
1550 12
1551 12
1552 12
1553 11
1554 28
1555 12
1556 14
1557 11
1558 11
1559 11
1560 12
1561 12
1562 13
1563 14
1564 11
1565 12
1566 12
1567 12
1568 12
1569 12
1570 105
1571 11
1572 11
1573 13
1574 13
1575 12
1576 12
1577 11
1578 12
1579 11
1580 11
1581 11
1582 11
1583 13
1584 12
1585 13
1586 12
1587 15
1588 12
1589 11
1590 13
1591 12
1592 11
1593 132
1594 13
1595 12
1596 13
1597 11
1598 12
1599 12
1600 11
1601 11
1602 14
1603 18
1604 14
1605 12
1606 11
1607 11
1608 15
1609 13
1610 14
1611 13
1612 11
1613 14
1614 128
1615 13
1616 11
1617 13
1618 12
1619 11
1620 14
1621 11
1622 11
1623 11
1624 105
1625 13
1626 12
1627 14
1628 13
1629 13
1630 14
1631 11
1632 12
1633 11
1634 11
1635 12
1636 11
1637 11
1638 13
1639 11
1640 12
1641 11
1642 12
1643 11
1644 12
1645 11
1646 12
1647 12
1648 11
1649 13
1650 12
1651 11
1652 12
1653 12
1654 12
1655 12
1656 11
1657 12
1658 11
1659 12
1660 11
1661 14
1662 11
1663 11
1664 26
1665 11
1666 11
1667 11
1668 11
1669 11
1670 11
1671 11
1672 12
1673 12
1674 11
1675 12
1676 11
1677 18
1678 12
1679 12
1680 13
1681 12
1682 13
1683 15
1684 13
1685 13
1686 11
1687 13
1688 12
1689 13
1690 12
1691 11
1692 12
1693 13
1694 18
1695 12
1696 11
1697 178
1698 13
1699 12
1700 11
1701 13
1702 14
1703 14
1704 14
1705 13
1706 14
1707 14
1708 12
1709 11
1710 11
1711 11
1712 11
1713 13
1714 12
1715 13
1716 11
1717 13
1718 12
1719 13
1720 12
1721 14
1722 11
1723 13
1724 18
1725 12
1726 11
1727 13
1728 11
1729 11
1730 16
1731 11
1732 12
1733 13
1734 12
1735 12
1736 14
1737 14
1738 11
1739 11
1740 11
1741 12
1742 11
1743 13
1744 11
1745 11
1746 11
1747 12
1748 11
1749 12
1750 12
1751 12
1752 12
1753 12
1754 11
1755 12
1756 12
1757 11
1758 11
1759 13
1760 12
1761 11
1762 11
1763 127
1764 12
1765 13
1766 12
1767 12
1768 12
1769 12
1770 12
1771 11
1772 11
1773 11
1774 13
1775 13
1776 14
1777 12
1778 11
1779 12
1780 12
1781 120
1782 12
1783 12
1784 15
1785 14
1786 11
1787 20
1788 12
1789 14
1790 14
1791 11
1792 14
1793 12
1794 11
1795 13
1796 11
1797 12
1798 12
1799 66
1800 13
1801 11
1802 13
1803 12
1804 12
1805 11
1806 12
1807 15
1808 12
1809 11
1810 12
1811 12
1812 12
1813 11
1814 30
1815 11
1816 11
1817 11
1818 12
1819 13
1820 11
1821 12
1822 14
1823 12
1824 13
1825 12
1826 11
1827 14
1828 12
1829 12
1830 12
1831 14
1832 11
1833 12
1834 11
1835 11
1836 11
1837 12
1838 12
1839 13
1840 12
1841 12
1842 12
1843 18
1844 13
1845 12
1846 11
1847 11
1848 11
1849 11
1850 13
1851 11
1852 11
1853 12
1854 11
1855 12
1856 12
1857 12
1858 12
1859 13
1860 12
1861 11
1862 11
1863 12
1864 11
1865 130
1866 13
1867 12
1868 11
1869 12
1870 12
1871 11
1872 11
1873 11
1874 14
1875 13
1876 11
1877 12
1878 13
1879 12
1880 11
1881 11
1882 12
1883 11
1884 13
1885 11
1886 12
1887 13
1888 11
1889 11
1890 12
1891 13
1892 14
1893 13
1894 138
1895 13
1896 11
1897 11
1898 12
1899 13
1900 13
1901 18
1902 11
1903 11
1904 14
1905 11
1906 12
1907 13
1908 12
1909 11
1910 14
1911 11
1912 11
1913 14
1914 15
1915 12
1916 12
1917 14
1918 12
1919 12
1920 13
1921 12
1922 12
1923 13
1924 12
1925 12
1926 15
1927 12
1928 12
1929 13
1930 11
1931 11
1932 13
1933 12
1934 12
1935 11
1936 13
1937 12
1938 11
1939 11
1940 12
1941 11
1942 11
1943 13
1944 11
1945 13
1946 12
1947 13
1948 14
1949 13
1950 12
1951 13
1952 12
1953 11
1954 12
1955 12
1956 11
1957 13
1958 142
1959 12
1960 11
1961 12
1962 11
1963 12
1964 12
1965 11
1966 15
1967 13
1968 13
1969 13
1970 11
1971 11
1972 11
1973 198
1974 12
1975 16
1976 12
1977 13
1978 14
1979 11
1980 11
1981 14
1982 12
1983 11
1984 11
1985 11
1986 14
1987 14
1988 13
1989 12
1990 11
1991 13
1992 11
1993 12
1994 13
1995 11
1996 12
1997 12
1998 13
1999 11
2000 18
2001 13
2002 11
2003 11
2004 11
2005 12
2006 11
2007 12
2008 13
2009 13
2010 11
2011 11
2012 11
2013 13
2014 12
2015 11
2016 11
2017 11
2018 12
2019 11
2020 11
2021 12
2022 11
2023 11
2024 11
2025 11
2026 12
2027 12
2028 11
2029 12
2030 11
2031 11
2032 11
2033 13
2034 13
2035 12
2036 12
2037 11
2038 11
2039 14
2040 12
2041 12
2042 11
2043 12
2044 12
2045 11
2046 12
2047 12
2048 11
2049 13
2050 11
2051 12
2052 12
2053 15
2054 12
2055 11
2056 13
2057 11
2058 11
2059 11
2060 12
2061 12
2062 11
2063 12
2064 12
2065 11
2066 13
2067 11
2068 11
2069 13
2070 13
2071 11
2072 11
2073 12
2074 12
2075 12
2076 12
2077 11
2078 12
2079 15
2080 14
2081 11
2082 13
2083 12
2084 11
2085 12
2086 11
2087 13
2088 11
2089 11
2090 14
2091 13
2092 11
2093 11
2094 13
2095 13
2096 12
2097 11
2098 12
2099 11
2100 11
2101 12
2102 13
2103 11
2104 13
2105 11
2106 11
2107 11
2108 12
2109 12
2110 12
2111 13
2112 11
2113 12
2114 11
2115 12
2116 11
2117 11
2118 12
2119 14
2120 11
2121 12
2122 14
2123 13
2124 15
2125 11
2126 18
2127 11
2128 13
2129 11
2130 11
2131 11
2132 12
2133 14
2134 13
2135 13
2136 12
2137 11
2138 128
2139 47
2140 12
2141 12
2142 12
2143 13
2144 12
2145 12
2146 14
2147 13
2148 11
2149 11
2150 11
2151 11
2152 87
2153 12
2154 12
2155 15
2156 11
2157 14
2158 14
2159 11
2160 20
2161 14
2162 13
2163 11
2164 12
2165 13
2166 11
2167 11
2168 12
2169 11
2170 18
2171 14
2172 12
2173 11
2174 11
2175 13
2176 11
2177 11
2178 14
2179 12
2180 13
2181 13
2182 13
2183 12
2184 12
2185 14
2186 12
2187 11
2188 12
2189 12
2190 14
2191 11
2192 11
2193 14
2194 11
2195 11
2196 11
2197 14
2198 14
2199 11
2200 11
2201 12
2202 11
2203 14
2204 12
2205 11
2206 11
2207 12
2208 11
2209 13
2210 14
2211 11
2212 12
2213 14
2214 13
2215 11
2216 13
2217 189
2218 11
2219 12
2220 11
2221 30
2222 11
2223 12
2224 11
2225 13
2226 11
2227 12
2228 12
2229 12
2230 11
2231 11
2232 12
2233 13
2234 13
2235 13
2236 12
2237 12
2238 13
2239 12
2240 12
2241 12
2242 12
2243 13
2244 13
2245 12
2246 13
2247 11
2248 14
2249 12
2250 13
2251 13
2252 11
2253 11
2254 11
2255 11
2256 11
2257 12
2258 13
2259 11
2260 14
2261 13
2262 11
2263 12
2264 13
2265 11
2266 11
2267 11
2268 11
2269 11
2270 132
2271 13
2272 11
2273 11
2274 12
2275 12
2276 11
2277 14
2278 11
2279 11
2280 12
2281 11
2282 13
2283 14
2284 11
2285 13
2286 12
2287 37
2288 14
2289 12
2290 12
2291 15
2292 13
2293 13
2294 13
2295 11
2296 11
2297 14
2298 12
2299 12
2300 14
2301 11
2302 11
2303 13
2304 12
2305 13
2306 11
2307 12
2308 15
2309 11
2310 14
2311 12
2312 12
2313 12
2314 11
2315 12
2316 12
2317 12
2318 12
2319 14
2320 11
2321 14
2322 13
2323 12
2324 11
2325 11
2326 11
2327 11
2328 13
2329 11
2330 12
2331 11
2332 11
2333 14
2334 11
2335 11
2336 11
2337 11
2338 15
2339 12
2340 11
2341 11
2342 11
2343 11
2344 13
2345 11
2346 12
2347 12
2348 13
2349 12
2350 15
2351 12
2352 164
2353 11
2354 11
2355 12
2356 11
2357 12
2358 11
2359 12
2360 13
2361 12
2362 11
2363 11
2364 12
2365 12
2366 12
2367 12
2368 11
2369 13
2370 32
2371 11
2372 12
2373 200
2374 22
2375 11
2376 14
2377 13
2378 14
2379 12
2380 14
2381 11
2382 13
2383 14
2384 11
2385 13
2386 14
2387 13
2388 11
2389 12
2390 12
2391 13
2392 12
2393 11
2394 12
2395 12
2396 12
2397 11
2398 13
2399 11
2400 11
2401 12
2402 15
2403 11
2404 13
2405 12
2406 13
2407 12
2408 12
2409 12
2410 12
2411 11
2412 13
2413 11
2414 11
2415 11
2416 11
2417 12
2418 12
2419 11
2420 13
2421 12
2422 11
2423 13
2424 12
2425 13
2426 13
2427 15
2428 11
2429 11
2430 12
2431 12
2432 12
2433 13
2434 12
2435 12
2436 11
2437 11
2438 195
2439 14
2440 11
2441 12
2442 13
2443 14
2444 11
2445 12
2446 12
2447 13
2448 12
2449 11
2450 11
2451 13
2452 12
2453 13
2454 11
2455 14
2456 12
2457 13
2458 13
2459 14
2460 13
2461 12
2462 15
2463 13
2464 12
2465 11
2466 12
2467 14
2468 11
2469 11
2470 11
2471 12
2472 11
2473 11
2474 12
2475 13
2476 11
2477 13
2478 12
2479 13
2480 12
2481 12
2482 13
2483 14
2484 13
2485 14
2486 12
2487 12
2488 14
2489 11
2490 12
2491 13
2492 11
2493 14
2494 12
2495 11
2496 12
2497 12
2498 11
2499 13
2500 13
2501 13
2502 12
2503 12
2504 11
2505 11
2506 11
2507 12
2508 13
2509 12
2510 12
2511 11
2512 11
2513 12
2514 12
2515 11
2516 12
2517 11
2518 12
2519 11
2520 12
2521 11
2522 132
2523 11
2524 13
2525 14
2526 12
2527 16
2528 11
2529 12
2530 13
2531 14
2532 11
2533 51
2534 51
2535 62
2536 26
2537 61
2538 57
2539 72
2540 15
2541 166
2542 14
2543 74
2544 81
2545 90
2546 48
2547 54
2548 50
2549 97
2550 37
2551 43
2552 33
2553 33
2554 64
2555 23
2556 37
2557 39
2558 30
2559 61
2560 63
2561 64
2562 29
2563 51
2564 71
2565 60
2566 34
2567 123
2568 16
2569 11
2570 13
2571 14
2572 11
2573 13
2574 11
2575 11
2576 11
2577 14
2578 15
2579 11
2580 206
2581 34
2582 21
2583 40
2584 47
2585 40
2586 37
2587 48
2588 31
2589 75
2590 71
2591 73
2592 202
2593 36
2594 13
2595 182
2596 16
2597 28
2598 40
2599 31
2600 56
2601 27
2602 154
2603 12
2604 16
2605 11
2606 12
2607 13
2608 12
2609 14
2610 11
2611 12
2612 165
2613 11
2614 14
2615 11
2616 13
2617 12
2618 13
2619 11
2620 14
2621 13
2622 13
2623 15
2624 12
2625 13
2626 12
2627 13
2628 15
2629 15
2630 12
2631 11
2632 12
2633 13
2634 15
2635 14
2636 11
2637 14
2638 12
2639 11
2640 13
2641 13
2642 12
2643 15
2644 14
2645 12
2646 15
2647 11
2648 11
2649 11
2650 11
2651 11
2652 14
2653 15
2654 12
2655 11
2656 15
2657 11
2658 11
2659 15
2660 12
2661 15
2662 12
2663 13
2664 11
2665 12
2666 13
2667 13
2668 13
2669 11
2670 15
2671 15
2672 14
2673 11
2674 12
2675 13
2676 14
2677 11
2678 12
2679 13
2680 12
2681 14
2682 13
2683 13
2684 12
2685 11
2686 13
2687 12
2688 13
2689 14
2690 12
2691 11
2692 11
2693 14
2694 14
2695 12
2696 12
2697 14
2698 14
2699 13
2700 12
2701 12
2702 11
2703 11
2704 11
2705 15
2706 16
2707 11
2708 12
2709 13
2710 13
2711 11
2712 12
2713 12
2714 12
2715 12
2716 13
2717 14
2718 12
2719 12
2720 12
2721 11
2722 192
2723 65
2724 13
2725 11
2726 13
2727 12
2728 54
2729 42
2730 63
2731 51
2732 35
2733 37
2734 37
2735 57
2736 35
2737 73
2738 15
2739 188
2740 14
2741 45
2742 77
2743 63
2744 86
2745 32
2746 49
2747 66
2748 154
2749 12
2750 12
2751 12
2752 11
2753 12
2754 13
2755 11
2756 12
2757 12
2758 31
2759 28
2760 23
2761 25
2762 51
2763 11
2764 11
2765 13
2766 12
2767 12
2768 13
2769 14
2770 11
2771 12
2772 12
2773 184
2774 52
2775 11
2776 11
2777 13
2778 11
2779 12
2780 12
2781 11
2782 11
2783 14
2784 13
2785 11
2786 11
2787 11
2788 13
2789 14
2790 11
2791 11
2792 11
2793 11
2794 12
2795 13
2796 14
2797 11
2798 13
2799 11
2800 12
2801 11
2802 11
2803 12
2804 13
2805 11
2806 11
2807 12
2808 11
2809 13
2810 14
2811 11
2812 14
2813 12
2814 12
2815 25
2816 64
2817 20
2818 38
2819 162
2820 63
2821 72
2822 42
2823 200
2824 26
2825 11
2826 12
2827 14
2828 12
2829 12
2830 11
2831 13
2832 12
2833 14
2834 11
2835 13
2836 12
2837 172
2838 16
2839 11
2840 58
2841 54
2842 34
2843 47
2844 51
2845 70
2846 16
2847 32
2848 195
2849 23
2850 11
2851 16
2852 12
2853 12
2854 13
2855 12
2856 14
2857 14
2858 12
2859 32
2860 92
2861 57
2862 67
2863 42
2864 44
2865 27
2866 68
2867 89
2868 38
2869 12
2870 11
2871 14
2872 11
2873 12
2874 198
2875 12
2876 12
2877 13
2878 12
2879 13
2880 13
2881 12
2882 11
2883 14
2884 12
2885 198
2886 11
2887 29
2888 71
2889 80
2890 56
2891 69
2892 29
2893 188
2894 13
2895 14
2896 14
2897 11
2898 13
2899 12
2900 12
2901 13
2902 12
2903 11
2904 11
2905 14
2906 11
2907 196
2908 45
2909 11
2910 11
2911 12
2912 11
2913 16
2914 12
2915 14
2916 15
2917 14
2918 12
2919 12
2920 12
2921 44
2922 21
2923 22
2924 25
2925 165
2926 12
2927 14
2928 16
2929 12
2930 12
2931 12
2932 12
2933 13
2934 11
2935 11
2936 12
2937 11
2938 12
2939 12
2940 13
2941 13
2942 11
2943 12
2944 12
2945 13
2946 12
2947 12
2948 11
2949 11
2950 11
2951 14
2952 11
2953 13
2954 12
2955 14
2956 12
2957 12
2958 12
2959 13
2960 15
2961 14
2962 11
2963 11
2964 12
2965 11
2966 12
2967 12
2968 12
2969 11
2970 11
2971 14
2972 12
2973 11
2974 11
2975 13
2976 11
2977 11
2978 12
2979 11
2980 11
2981 13
2982 11
2983 13
2984 12
2985 11
2986 12
2987 13
2988 14
2989 12
2990 12
2991 12
2992 11
2993 12
2994 11
2995 11
2996 13
2997 14
2998 12
2999 11
3000 13
3001 13
3002 13
3003 12
3004 11
3005 11
3006 13
3007 11
3008 13
3009 12
3010 12
3011 11
3012 12
3013 12
3014 13
3015 11
3016 11
3017 12
3018 12
3019 12
3020 12
3021 11
3022 12
3023 11
3024 12
3025 12
3026 11
3027 13
3028 14
3029 12
3030 13
3031 12
3032 13
3033 14
3034 12
3035 13
3036 12
3037 15
3038 11
3039 12
3040 11
3041 13
3042 11
3043 14
3044 11
3045 12
3046 12
3047 12
3048 12
3049 13
3050 14
3051 12
3052 11
3053 13
3054 13
3055 12
3056 13
3057 11
3058 12
3059 13
3060 13
3061 11
3062 11
3063 11
3064 11
3065 11
3066 11
3067 11
3068 11
3069 12
3070 11
3071 14
3072 11
3073 12
3074 15
3075 13
3076 11
3077 15
3078 12
3079 11
3080 22
3081 11
3082 12
3083 11
3084 11
3085 11
3086 11
3087 12
3088 11
3089 12
3090 47
3091 36
3092 62
3093 60
3094 41
3095 71
3096 59
3097 41
3098 87
3099 49
3100 70
3101 77
3102 64
3103 48
3104 28
3105 70
3106 44
3107 71
3108 56
3109 38
3110 33
3111 77
3112 33
3113 75
3114 14
3115 12
3116 41
3117 27
3118 21
3119 42
3120 29
3121 15
3122 16
3123 11
3124 13
3125 13
3126 11
3127 12
3128 12
3129 11
3130 12
3131 11
3132 12
3133 13
3134 24
3135 39
3136 23
3137 20
3138 14
3139 12
3140 11
3141 13
3142 11
3143 12
3144 12
3145 14
3146 12
3147 11
3148 13
3149 14
3150 12
3151 13
3152 14
3153 24
3154 54
3155 59
3156 58
3157 61
3158 60
3159 37
3160 68
3161 57
3162 69
3163 38
3164 36
3165 22
3166 41
3167 63
3168 68
3169 87
3170 42
3171 47
3172 26
3173 69
3174 57
3175 53
3176 60
3177 57
3178 47
3179 52
3180 19
3181 200
3182 26
3183 11
3184 12
3185 12
3186 11
3187 11
3188 14
3189 11
3190 12
3191 11
3192 12
3193 13
3194 11
3195 12
3196 11
3197 14
3198 11
3199 16
3200 14
3201 15
3202 11
3203 11
3204 14
3205 12
3206 15
3207 12
3208 13
3209 12
3210 13
3211 13
3212 16
3213 15
3214 14
3215 11
3216 12
3217 11
3218 11
3219 14
3220 13
3221 13
3222 13
3223 13
3224 11
3225 62
3226 59
3227 37
3228 79
3229 196
3230 20
3231 14
3232 13
3233 13
3234 12
3235 11
3236 161
3237 11
3238 13
3239 12
3240 12
3241 12
3242 13
3243 13
3244 12
3245 11
3246 11
3247 193
3248 47
3249 11
3250 12
3251 11
3252 31
3253 31
3254 33
3255 61
3256 159
3257 69
3258 24
3259 49
3260 86
3261 108
3262 83
3263 53
3264 96
3265 92
3266 83
3267 87
3268 82
3269 62
3270 42
3271 99
3272 27
3273 77
3274 44
3275 198
3276 11
3277 70
3278 42
3279 35
3280 38
3281 36
3282 44
3283 72
3284 15
3285 188
3286 12
3287 15
3288 13
3289 13
3290 12
3291 14
3292 12
3293 12
3294 13
3295 12
3296 12
3297 12
3298 11
3299 46
3300 11
3301 57
3302 45
3303 112
3304 76
3305 27
3306 81
3307 102
3308 177
3309 18
3310 49
3311 41
3312 30
3313 17
3314 32
3315 30
3316 45
3317 149
3318 11
3319 13
3320 11
3321 11
3322 12
3323 11
3324 12
3325 11
3326 13
3327 129
3328 111
3329 36
3330 166
3331 24
3332 86
3333 71
3334 38
3335 21
3336 67
3337 52
3338 84
3339 204
3340 39
3341 16
3342 45
3343 66
3344 36
3345 47
3346 28
3347 26
3348 35
3349 20
3350 42
3351 15
3352 13
3353 13
3354 12
3355 16
3356 12
3357 13
3358 11
3359 11
3360 12
3361 12
3362 11
3363 13
3364 11
3365 11
3366 11
3367 13
3368 11
3369 12
3370 12
3371 14
3372 155
3373 54
3374 46
3375 43
3376 33
3377 90
3378 111
3379 35
3380 108
3381 51
3382 57
3383 69
3384 33
3385 45
3386 50
3387 43
3388 38
3389 56
3390 12
3391 13
3392 13
3393 13
3394 14
3395 14
3396 12
3397 11
3398 13
3399 13
3400 13
3401 13
3402 11
3403 14
3404 12
3405 12
3406 11
3407 13
3408 12
3409 11
3410 15
3411 15
3412 12
3413 11
3414 11
3415 20
3416 15
3417 11
3418 12
3419 11
3420 13
3421 11
3422 191
3423 12
3424 13
3425 13
3426 12
3427 12
3428 11
3429 11
3430 12
3431 12
3432 11
3433 13
3434 13
3435 12
3436 11
3437 15
3438 11
3439 11
3440 11
3441 12
3442 11
3443 13
3444 11
3445 12
3446 12
3447 11
3448 11
3449 11
3450 11
3451 11
3452 13
3453 11
3454 12
3455 12
3456 11
3457 11
3458 13
3459 12
3460 12
3461 13
3462 11
3463 11
3464 13
3465 195
3466 11
3467 16
3468 12
3469 195
3470 11
3471 12
3472 12
3473 196
3474 12
3475 11
3476 11
3477 12
3478 11
3479 12
3480 14
3481 159
3482 196
3483 27
3484 79
3485 65
3486 105
3487 70
3488 36
3489 61
3490 64
3491 46
3492 20
3493 60
3494 81
3495 106
3496 39
3497 73
3498 85
3499 48
3500 93
3501 61
3502 61
3503 36
3504 66
3505 12
3506 11
3507 14
3508 152
3509 12
3510 11
3511 11
3512 12
3513 13
3514 14
3515 12
3516 153
3517 12
3518 12
3519 11
3520 11
3521 11
3522 11
3523 15
3524 13
3525 13
3526 13
3527 11
3528 11
3529 202
3530 18
3531 12
3532 13
3533 12
3534 162
3535 11
3536 11
3537 12
3538 11
3539 12
3540 11
3541 12
3542 13
3543 12
3544 11
3545 11
3546 11
3547 14
3548 12
3549 12
3550 12
3551 12
3552 11
3553 13
3554 179
3555 13
3556 11
3557 11
3558 11
3559 12
3560 11
3561 12
3562 11
3563 13
3564 11
3565 14
3566 11
3567 11
3568 11
3569 14
3570 14
3571 14
3572 12
3573 11
3574 12
3575 13
3576 11
3577 11
3578 15
3579 30
3580 12
3581 11
3582 14
3583 11
3584 12
3585 13
3586 11
3587 14
3588 11
3589 11
3590 11
3591 11
3592 11
3593 14
3594 11
3595 193
3596 12
3597 11
3598 11
3599 13
3600 11
3601 12
3602 13
3603 12
3604 12
3605 12
3606 11
3607 12
3608 12
3609 11
3610 160
3611 11
3612 13
3613 12
3614 12
3615 13
3616 11
3617 13
3618 12
3619 13
3620 13
3621 201
3622 12
3623 14
3624 14
3625 14
3626 13
3627 16
3628 12
3629 11
3630 11
3631 11
3632 12
3633 11
3634 11
3635 11
3636 167
3637 15
3638 11
3639 11
3640 13
3641 11
3642 13
3643 12
3644 11
3645 12
3646 12
3647 13
3648 12
3649 12
3650 11
3651 11
3652 11
3653 14
3654 11
3655 12
3656 13
3657 12
3658 13
3659 11
3660 11
3661 11
3662 12
3663 12
3664 201
3665 11
3666 12
3667 13
3668 11
3669 13
3670 12
3671 12
3672 11
3673 14
3674 11
3675 12
3676 13
3677 11
3678 12
3679 12
3680 13
3681 11
3682 12
3683 11
3684 12
3685 13
3686 13
3687 14
3688 13
3689 14
3690 11
3691 134
3692 13
3693 12
3694 12
3695 14
3696 12
3697 11
3698 22
3699 11
3700 12
3701 11
3702 11
3703 13
3704 11
3705 11
3706 13
3707 14
3708 13
3709 13
3710 11
3711 12
3712 11
3713 11
3714 11
3715 11
3716 13
3717 190
3718 44
3719 13
3720 12
3721 11
3722 11
3723 14
3724 13
3725 13
3726 12
3727 12
3728 15
3729 12
3730 13
3731 13
3732 13
3733 12
3734 11
3735 11
3736 12
3737 12
3738 13
3739 11
3740 13
3741 12
3742 14
3743 12
3744 14
3745 13
3746 14
3747 13
3748 12
3749 13
3750 12
3751 12
3752 14
3753 16
3754 14
3755 15
3756 13
3757 15
3758 13
3759 12
3760 13
3761 12
3762 16
3763 15
3764 12
3765 13
3766 15
3767 185
3768 12
3769 12
3770 12
3771 13
3772 12
3773 11
3774 12
3775 12
3776 13
3777 13
3778 11
3779 11
3780 13
3781 13
3782 11
3783 12
3784 11
3785 11
3786 12
3787 12
3788 11
3789 12
3790 11
3791 13
3792 11
3793 12
3794 15
3795 12
3796 12
3797 11
3798 11
3799 14
3800 11
3801 11
3802 12
3803 13
3804 150
3805 15
3806 13
3807 11
3808 11
3809 11
3810 198
3811 11
3812 13
3813 12
3814 13
3815 13
3816 11
3817 13
3818 11
3819 11
3820 11
3821 11
3822 13
3823 12
3824 11
3825 12
3826 13
3827 12
3828 11
3829 11
3830 13
3831 12
3832 12
3833 12
3834 12
3835 12
3836 11
3837 12
3838 12
3839 13
3840 14
3841 13
3842 11
3843 12
3844 11
3845 12
3846 12
3847 14
3848 11
3849 11
3850 12
3851 12
3852 12
3853 11
3854 11
3855 11
3856 11
3857 12
3858 11
3859 12
3860 11
3861 11
3862 13
3863 11
3864 11
3865 33
3866 11
3867 12
3868 201
3869 13
3870 13
3871 13
3872 11
3873 11
3874 12
3875 11
3876 12
3877 13
3878 11
3879 12
3880 12
3881 11
3882 11
3883 11
3884 11
3885 11
3886 11
3887 11
3888 13
3889 12
3890 15
3891 13
3892 12
3893 12
3894 11
3895 12
3896 12
3897 13
3898 13
3899 14
3900 12
3901 12
3902 11
3903 11
3904 12
3905 11
3906 13
3907 12
3908 12
3909 11
3910 16
3911 12
3912 14
3913 13
3914 12
3915 195
3916 17
3917 12
3918 13
3919 14
3920 12
3921 14
3922 12
3923 12
3924 12
3925 13
3926 13
3927 11
3928 11
3929 12
3930 12
3931 13
3932 12
3933 12
3934 11
3935 13
3936 11
3937 14
3938 14
3939 11
3940 12
3941 12
3942 13
3943 14
3944 14
3945 11
3946 13
3947 11
3948 12
3949 12
3950 12
3951 15
3952 14
3953 11
3954 146
3955 11
3956 15
3957 12
3958 11
3959 13
3960 14
3961 11
3962 14
3963 13
3964 11
3965 12
3966 15
3967 14
3968 13
3969 14
3970 14
3971 146
3972 11
3973 11
3974 11
3975 11
3976 13
3977 13
3978 14
3979 11
3980 15
3981 12
3982 11
3983 13
3984 14
3985 11
3986 14
3987 13
3988 11
3989 12
3990 15
3991 14
3992 13
3993 14
3994 14
3995 175
3996 11
3997 11
3998 13
3999 11
4000 12
4001 11
4002 24
4003 16
4004 12
4005 16
4006 13
4007 12
4008 14
4009 12
4010 11
4011 11
4012 202
4013 30
4014 12
4015 13
4016 12
4017 12
4018 12
4019 12
4020 11
4021 11
4022 11
4023 11
4024 13
4025 11
4026 11
4027 11
4028 11
4029 11
4030 14
4031 12
4032 11
4033 12
4034 11
4035 11
4036 11
4037 12
4038 13
4039 12
4040 20
4041 13
4042 11
4043 11
4044 12
4045 12
4046 11
4047 13
4048 12
4049 130
4050 14
4051 12
4052 11
4053 13
4054 12
4055 12
4056 202
4057 34
4058 12
4059 13
4060 12
4061 12
4062 14
4063 11
4064 14
4065 11
4066 12
4067 11
4068 11
4069 11
4070 12
4071 13
4072 11
4073 11
4074 13
4075 15
4076 14
4077 11
4078 13
4079 13
4080 16
4081 12
4082 12
4083 13
4084 11
4085 14
4086 13
4087 11
4088 12
4089 11
4090 13
4091 156
4092 12
4093 11
4094 13
4095 14
4096 14
4097 12
4098 11
4099 12
4100 12
4101 12
4102 14
4103 12
4104 14
4105 13
4106 11
4107 11
4108 11
4109 12
4110 11
4111 16
4112 11
4113 12
4114 12
4115 12
4116 15
4117 12
4118 12
4119 12
4120 13
4121 15
4122 13
4123 201
4124 11
4125 11
4126 12
4127 11
4128 11
4129 11
4130 11
4131 167
4132 11
4133 11
4134 12
4135 11
4136 12
4137 11
4138 12
4139 12
4140 14
4141 11
4142 14
4143 11
4144 11
4145 11
4146 12
4147 11
4148 184
4149 12
4150 12
4151 11
4152 14
4153 11
4154 13
4155 12
4156 11
4157 11
4158 11
4159 12
4160 12
4161 14
4162 11
4163 11
4164 169
4165 12
4166 11
4167 11
4168 11
4169 12
4170 12
4171 12
4172 11
4173 12
4174 11
4175 11
4176 11
4177 11
4178 12
4179 11
4180 14
4181 13
4182 11
4183 13
4184 11
4185 11
4186 11
4187 11
4188 12
4189 11
4190 22
4191 13
4192 14
4193 12
4194 206
4195 11
4196 13
4197 11
4198 12
4199 150
4200 11
4201 12
4202 14
4203 11
4204 12
4205 12
4206 12
4207 13
4208 14
4209 12
4210 11
4211 11
4212 13
4213 12
4214 11
4215 12
4216 12
4217 14
4218 12
4219 13
4220 11
4221 11
4222 12
4223 12
4224 13
4225 12
4226 13
4227 13
4228 12
4229 11
4230 11
4231 11
4232 12
4233 12
4234 12
4235 11
4236 12
4237 13
4238 11
4239 12
4240 12
4241 11
4242 11
4243 11
4244 11
4245 11
4246 11
4247 11
4248 11
4249 203
4250 13
4251 11
4252 11
4253 11
4254 11
4255 11
4256 142
4257 13
4258 13
4259 12
4260 12
4261 11
4262 207
4263 29
4264 13
4265 12
4266 14
4267 13
4268 14
4269 13
4270 14
4271 11
4272 12
4273 11
4274 12
4275 11
4276 14
4277 13
4278 13
4279 13
4280 12
4281 14
4282 13
4283 15
4284 18
4285 12
4286 11
4287 188
4288 16
4289 12
4290 12
4291 12
4292 11
4293 12
4294 12
4295 11
4296 13
4297 12
4298 12
4299 11
4300 13
4301 11
4302 11
4303 11
4304 12
4305 11
4306 13
4307 11
4308 12
4309 12
4310 12
4311 13
4312 11
4313 11
4314 26
4315 11
4316 11
4317 12
4318 12
4319 11
4320 11
4321 11
4322 11
4323 140
4324 11
4325 12
4326 206
4327 30
4328 11
4329 11
4330 12
4331 11
4332 12
4333 11
4334 12
4335 13
4336 12
4337 11
4338 11
4339 12
4340 11
4341 14
4342 12
4343 12
4344 12
4345 12
4346 11
4347 13
4348 20
4349 12
4350 11
4351 11
4352 13
4353 11
4354 11
4355 13
4356 11
4357 13
4358 13
4359 13
4360 11
4361 13
4362 16
4363 11
4364 12
4365 20
4366 12
4367 11
4368 11
4369 11
4370 12
4371 12
4372 12
4373 12
4374 12
4375 13
4376 13
4377 12
4378 13
4379 11
4380 13
4381 13
4382 11
4383 11
4384 14
4385 12
4386 13
4387 15
4388 13
4389 11
4390 11
4391 11
4392 12
4393 14
4394 11
4395 12
4396 13
4397 13
4398 12
4399 11
4400 14
4401 13
4402 200
4403 18
4404 13
4405 11
4406 13
4407 12
4408 13
4409 11
4410 11
4411 11
4412 11
4413 179
4414 14
4415 12
4416 11
4417 11
4418 14
4419 13
4420 13
4421 13
4422 11
4423 13
4424 14
4425 12
4426 11
4427 11
4428 11
4429 11
4430 11
4431 11
4432 13
4433 12
4434 12
4435 13
4436 12
4437 17
4438 12
4439 11
4440 13
4441 11
4442 12
4443 13
4444 15
4445 12
4446 12
4447 11
4448 11
4449 13
4450 12
4451 12
4452 14
4453 11
4454 169
4455 11
4456 12
4457 11
4458 11
4459 13
4460 12
4461 13
4462 11
4463 11
4464 12
4465 13
4466 12
4467 14
4468 11
4469 13
4470 12
4471 13
4472 14
4473 13
4474 13
4475 73
4476 11
4477 11
4478 13
4479 11
4480 11
4481 11
4482 13
4483 13
4484 12
4485 12
4486 12
4487 14
4488 15
4489 11
4490 11
4491 14
4492 11
4493 12
4494 11
4495 11
4496 11
4497 11
4498 146
4499 12
4500 11
4501 13
4502 14
4503 11
4504 12
4505 11
4506 13
4507 13
4508 13
4509 12
4510 11
4511 12
4512 13
4513 12
4514 14
4515 12
4516 12
4517 12
4518 12
4519 11
4520 11
4521 11
4522 15
4523 13
4524 12
4525 12
4526 194
4527 44
4528 13
4529 15
4530 12
4531 11
4532 12
4533 11
4534 14
4535 12
4536 12
4537 11
4538 12
4539 14
4540 12
4541 43
4542 14
4543 12
4544 11
4545 24
4546 11
4547 11
4548 11
4549 11
4550 11
4551 11
4552 13
4553 13
4554 11
4555 16
4556 11
4557 12
4558 13
4559 12
4560 22
4561 11
4562 11
4563 13
4564 11
4565 12
4566 11
4567 13
4568 11
4569 12
4570 13
4571 11
4572 13
4573 13
4574 11
4575 12
4576 12
4577 11
4578 186
4579 42
4580 12
4581 11
4582 13
4583 12
4584 11
4585 11
4586 11
4587 11
